0 0.5308447611308816674 
1 1.6907769625206168952 
2 4.8619910172171602715 
3 13.927143445449825611 
4 38.903779467013842036 
5 108.53608309082300208 
6 299.26769419241406575 
7 824.59140866646260666 
8 2256.9464691160956608 
9 6174.4168460205032479 
10 16819.879385593690953
11 45803.222727034040360 
12 124363.26835432977776 
13 337573.74963124787949 
14 914347.51881247417342 
15 2476042.0363235919004 
16 6694111.3933182426254 
17 18094604.163418613844 
18 48847832.893538572297 
19 131848611.02423050678 
20 355511932.47075480765 
